0.090586 
0.004831 
0.008060 
0.002878 
0.002096 
0.000768 
0.002005 
0.000260 
0.000430 
0.000013 
0.000039 
0.000000 
0.000065 
0.000000 
0.000000 
0.000000 
0.000000 
0.000794 
0.019753 
0.001797 
0.000677 
0.001354 
0.005820 
0.000299 
0.000651 
0.000130 
0.000052 
0.000000 
0.000026 
0.000000 
0.000000 
0.000000 
0.001497 
0.007552 
0.279961 
0.005195 
0.005352 
0.012018 
0.064935 
0.000937 
0.003958 
0.001328 
0.012435 
0.000000 
0.001484 
0.000000 
0.006836 
0.000000 
0.000430 
0.004844 
0.078672 
0.004831 
0.004935 
0.002240 
0.013438 
0.000000 
0.000599 
0.000143 
0.003672 
0.000000 
0.000326 
0.000000 
0.000143 
0.000000 
0.003190 
0.011849 
0.092682 
0.006862 
0.019440 
0.006354 
0.011146 
0.000000 
0.002734 
0.000000 
0.002917 
0.000000 
0.000117 
0.000000 
0.000000 
0.000000 
0.001589 
0.004948 
0.011328 
0.000573 
0.005638 
0.003021 
0.004883 
0.000000 
0.005690 
0.000000 
0.000000 
0.000000 
0.001068 
0.000000 
0.000000 
0.000000 
0.000208 
0.002539 
0.012760 
0.001003 
0.001693 
0.001133 
0.002930 
0.000000 
0.000820 
0.000000 
0.000000 
0.000000 
0.000313 
0.000000 
0.000000 
0.000000 
0.001328 
0.002734 
0.011237 
0.000078 
0.007826 
0.000833 
0.007656 
0.000000 
0.002513 
0.000000 
0.000000 
0.000000 
0.000104 
0.000000 
0.000000 
0.000000 
0.000039 
0.000651 
0.003607 
0.000065 
0.000000 
0.000091 
0.000469 
0.000000 
0.000000 
0.000000 
0.000000 
0.000000 
0.000000 
0.000000 
0.000000 
0.000000 
0.000833 
0.000846 
0.000469 
0.000000 
0.002539 
0.000026 
0.000000 
0.000000 
0.000000 
0.000000 
0.000000 
0.000000 
0.000000 
0.000000 
0.000000 
0.000000 
0.005534 
0.000911 
0.000117 
0.000000 
0.007552 
0.000000 
0.000000 
0.000000 
0.000117 
0.000000 
0.000000 
0.000000 
0.000000 
0.000000 
0.000000 
0.000000 
0.000000 
0.000091 
0.000000 
0.000000 
0.000833 
0.000000 
0.000000 
0.000000 
0.000573 
0.000000 
0.000000 
0.000000 
0.000000 
0.000000 
0.000000 
0.000000 
0.004349 
0.000586 
0.000039 
0.000000 
0.027188 
0.000000 
0.000026 
0.000000 
0.001159 
0.000000 
0.000000 
0.000000 
0.000000 
0.000000 
0.000000 
0.000000 
0.000586 
0.001055 
0.000026 
0.000000 
0.002396 
0.000052 
0.000000 
0.000000 
0.001510 
0.000000 
0.000000 
0.000000 
0.000000 
0.000000 
0.000000 
0.000000 
0.002786 
0.000937 
0.000742 
0.000143 
0.010391 
0.000052 
0.000000 
0.000000 
0.000313 
0.000000 
0.000000 
0.000000 
0.000026 
0.000000 
0.000000 
0.000000 
0.000273 
0.001042 
0.000612 
0.000013 
0.002539 
0.000117 
0.000000 
0.000000 
0.000794 
0.000000 
0.000000 
0.000000 
0.000000 
0.000000 
0.000000 
0.000000 